100
40 20 -1 -1 15 -1 -1
89 46 32 -1 -1 51 -1 -1 92 -1 -1
243 120 80 -1 -1 -1 350 145 -1 -1 -1
500 300 200 -1 -1 150 -1 -1 275 225 -1 -1
2984 1470 732 -1 -1 -1 3921 1950 -1 -1 -1
21 -1 13 8 -1 -1 19 -1 -1
333 152 -1 78 -1 -1 -1 201 -1 -1
418 210 113 -1 -1 180 -1 -1 399 -1 -1
129 67 -1 -1 51 -1 33 -1 -1
410 210 -1 -1 220 -1 300 -1 -1
980 490 245 -1 -1 -1 1200 800 -1 -1 -1
15 -1 7 5 -1 -1 12 -1 -1
35 -1 20 10 -1 -1 18 -1 -1
427 214 -1 107 -1 -1 -1 235 -1 -1
49 24 -1 -1 26 -1 28 -1 -1
39 20 -1 -1 17 -1 15 -1 -1
280 140 70 -1 -1 -1 195 -1 -1 -1
1001 504 -1 252 -1 -1 -1 399 -1 -1
2048 1024 512 -1 -1 -1 1536 -1 -1 -1
321 165 85 -1 -1 89 -1 -1 170 -1 -1
25 15 -1 -1 13 -1 -1
47 20 -1 -1 27 -1 -1
92 -1 40 25 -1 -1 35 -1 -1
299 -1 157 75 -1 -1 96 -1 -1
177 85 42 -1 -1 -1 110 -1 -1 -1
512 256 -1 128 -1 -1 -1 350 -1 -1
987 504 -1 250 -1 -1 -1 399 -1 -1
401 -1 200 -1 100 -1 -1 -1
225 100 -1 -1 75 -1 65 -1 -1
125 -1 60 40 -1 -1 30 -1 -1
650 -1 350 180 -1 -1 225 -1 -1
1492 750 370 -1 -1 -1 990 -1 -1 -1
101 -1 52 -1 25 -1 -1 -1
29 -1 15 8 -1 -1 12 -1 -1
190 90 45 -1 -1 -1 135 -1 -1 -1
215 -1 112 54 -1 -1 70 -1 -1
980 500 250 -1 -1 -1 780 -1 -1 -1
16 -1 8 4 -1 -1 10 -1 -1
243 -1 120 55 -1 -1 75 -1 -1
99 -1 48 25 -1 -1 35 -1 -1
450 -1 225 120 -1 -1 150 -1 -1
875 450 225 -1 -1 -1 620 -1 -1 -1
3333 1645 -1 799 -1 -1 -1 2500 -1 -1
72 35 -1 -1 25 -1 30 -1 -1
85 40 -1 -1 35 -1 20 -1 -1
1234 620 310 -1 -1 -1 950 -1 -1 -1
2040 -1 1010 505 -1 -1 700 -1 -1
999 -1 500 250 -1 -1 400 -1 -1
271 -1 130 -1 70 -1 -1 -1
4012 2006 -1 1000 -1 -1 -1 3045 -1 -1
1829 900 -1 400 -1 -1 -1 1200 -1 -1
325 162 -1 75 -1 -1 -1 200 -1 -1
225 -1 110 55 -1 -1 80 -1 -1
980 -1 490 250 -1 -1 400 -1 -1
1945 975 480 -1 -1 -1 1450 -1 -1 -1
327 164 -1 80 -1 -1 -1 200 -1 -1
872 430 -1 210 -1 -1 -1 550 -1 -1
111 55 -1 -1 35 -1 25 -1 -1
230 -1 120 60 -1 -1 70 -1 -1
740 370 -1 185 -1 -1 -1 500 -1 -1
61 -1 30 15 -1 -1 22 -1 -1
825 410 205 -1 -1 -1 600 -1 -1 -1
257 128 -1 64 -1 -1 -1 160 -1 -1
342 -1 160 80 -1 -1 90 -1 -1
135 -1 67 34 -1 -1 44 -1 -1
287 -1 144 70 -1 -1 95 -1 -1
215 -1 110 55 -1 -1 75 -1 -1
492 245 -1 120 -1 -1 -1 350 -1 -1
320 160 -1 80 -1 -1 -1 210 -1 -1
213 -1 105 52 -1 -1 75 -1 -1
127 60 -1 -1 30 -1 20 -1 -1
307 -1 154 76 -1 -1 90 -1 -1
105 50 -1 -1 30 -1 22 -1 -1
205 -1 102 50 -1 -1 80 -1 -1
489 240 120 -1 -1 -1 340 -1 -1 -1
3080 1500 -1 750 -1 -1 -1 2200 -1 -1
1200 600 -1 300 -1 -1 -1 700 -1 -1
2031 1005 -1 490 -1 -1 -1 1500 -1 -1
413 -1 205 100 -1 -1 150 -1 -1
309 150 -1 -1 75 -1 65 -1 -1
780 -1 380 190 -1 -1 280 -1 -1
150 75 -1 -1 35 -1 55 -1 -1
1275 600 -1 300 -1 -1 -1 850 -1 -1
237 -1 118 57 -1 -1 78 -1 -1
250 -1 120 60 -1 -1 85 -1 -1
150 -1 74 35 -1 -1 50 -1 -1
49 -1 25 12 -1 -1 17 -1 -1
230 110 -1 50 -1 -1 -1 125 -1 -1
389 -1 194 98 -1 -1 130 -1 -1
267 -1 132 65 -1 -1 80 -1 -1
520 250 -1 130 -1 -1 -1 350 -1 -1
821 400 -1 210 -1 -1 -1 600 -1 -1
901 -1 450 225 -1 -1 300 -1 -1
2501 1250 -1 620 -1 -1 -1 1800 -1 -1
